20250623100010524
20250623100010480
20250623100010555
20250623100010569
20250623100010564
20250623100010500
20250623100010577
20250623100010488
20250623100010539
20250623100010469
20250623100010526
20250623100010545
20250623100010548
20250623100010616
20250623100010607
20250623100010479
20250623100010495
20250623100010617
20250623100010481
20250623100010592
20250623100010605
20250623100010503
20250623100010558
20250623100010531
20250623100010622
20250623100010499
20250623100010498
20250623100010570
20250623100010536
20250623100010608
20250623100010583
20250623100010484
20250623100010508
20250623100010618
20250623100010591
20250623100010614
20250623100010582
20250623100010586
20250623100010516
20250623100010615
20250623100010538
20250623100010625
20250623100010529
20250623100010513
20250623100010630
20250623100010528
20250623100010541
20250623100010624
20250623100010553
20250623100010589
20250623100010478
20250623100010571
20250623100010623
20250623100010561
20250623100010504
20250623100010521
20250623100010621
20250623100010609
20250623100010534
20250623100010594
20250623100010489
20250623100010525
20250623100010552
20250623100010542
20250623100010603
20250623100010620
20250623100010496
20250623100010518
20250623100010580
20250623100010477
20250623100010464
20250623100010491
20250623100010575
20250623100010507
20250623100010628
20250623100010600
20250623100010506
20250623100010551
20250623100010596
20250623100010497
20250623100010474
20250623100010550
20250623100010502
20250623100010574
20250623100010597
20250623100010512
20250623100010549
20250623100010579
20250623100010585
20250623100010629
20250623100010557
20250623100010633
20250623100010492
20250623100010599
20250623100010627
20250623100010533
20250623100010556
20250623100010613
20250623100010544
20250623100010601
20250623100010546
20250623100010482
20250623100010562
20250623100010537
20250623100010514
20250623100010483
20250623100010540
20250623100010619
20250623100010568
20250623100010632
20250623100010598
20250623100010510
20250623100010476
20250623100010573
20250623100010486
20250623100010631
20250623100010587
20250623100010487
20250623100010493
20250623100010610
20250623100010595
20250623100010520
20250623100010494
20250623100010463
20250623100010501
20250623100010612
20250623100010522
20250623100010593
20250623100010560
20250623100010576
20250623100010532
20250623100010559
20250623100010602
20250623100010467
20250623100010462
20250623100010565
20250623100010509
20250623100010505
20250623100010473
20250623100010572
20250623100010584
20250623100010588
20250623100010517
20250623100010554
20250623100010470
20250623100010475
20250623100010527
20250623100010590
20250623100010490
20250623100010511
20250623100010471
20250623100010547
20250623100010472
20250623100010515
20250623100010461
20250623100010535
20250623100010567
20250623100010519
20250623100010466
20250623100010604
20250623100010626
20250623100010578
20250623100010581
20250623100010543
20250623100010468
20250623100010485
20250623100010465
20250623100010563
20250623100010611
20250623100010566
20250623100010523
20250623100010606
20250623100010530